age	sex	edu	s4	s5	c1	c2_1	c2_2	c3	c4	c5	c5_O_T_H	c6_1	c6_2	c6_3	c6_4	c6_5	c6_6	m1_1	m1_2	m1_3	m1_4	m1_5	m1_6	m1_7	m1_8	s6	agecat	educat
43	1	3	7	4	1	2	2	2	2	666	nìkolik mìsícù	1	1	1	2	2	2	9	9	8	9	2	5	4	7	666	2	3
25	1	3	11	6	2	2	2	1	2	666	Velmi rychle :-)	2	2	1	2	2	1	8	8	6	7	3	5	4	3	1	1	3
21	1	3	11	1	1	1	2	2	1	666	mìsíc	1	1	1	2	2	1	1	2	3	4	4	5	6	5	1	1	3
30	2	3	2	3	2	1	1	1	1	666	Maximálnì 2 mìsíce. Na více mìsícù nemám finanèní rezervu a musela bych pøijmout jakoukoli práci.	1	1	1	2	1	1	5	4	3	5	8	10	10	10	8	2	3
27	2	2	13	2	2	1	3	1	1	666	Asi hodnì dlouho,mám i zdravotní problémy,tak bych nemohla dìlat vše	1	1	1	1	1	1	3	3	4	5	7	7	7	7	666	1	1
38	2	3	8	1	1	2	2	2	1	666	pùl roku	1	1	1	2	1	1	9	8	8	9	7	6	5	6	666	2	3
40	1	3	13	3	1	3	3	1	2	2	sys_empty	1	1	1	2	1	1	4	4	5	5	7	8	8	9	4	2	3
38	2	2	3	4	1	1	1	1	1	666	snad do mìsíce by jsem práci mìla,ale nic není jisté	2	1	1	1	1	1	10	10	10	10	10	10	10	8	4	2	1
20	2	1	10	1	2	3	3	2	1	666	neodkáu øíci, protoe jsem studentka, ale vzhldem k tomu jak pozoruji a vidím e je tìké sehnat i brigádu, nato práci, tak si myslím e asi dlouho.	1	1	1	1	2	1	4	2	1	8	8	9	9	7	1	1	1
55	1	3	2	1	1	1	1	1	1	666	pùl roku a více	1	1	1	2	2	1	4	4	2	5	6	9	6	10	666	3	3
32	2	4	9	4	1	3	3	1	1	666	pùl roku	1	1	1	1	1	1	9	8	6	6	5	5	8	9	5	2	4
40	1	3	10	4	2	2	2	1	2	666	do mìsíce	1	1	1	1	1	1	10	10	9	10	6	7	6	6	666	2	3
26	2	3	1	6	1	3	3	1	1	666	Velmi dlouho jsem matka malého dítìte u ní je pravdìpodobné další otìhotnìní práci jsem po RD shánìla více ne rok a dostala místo jen díky protekci....	1	1	1	2	1	1	10	10	10	10	6	8	4	1	666	1	3
44	1	3	2	2	2	2	2	1	2	666	2 mìsíce	1	1	1	2	1	1	7	7	6	7	4	5	5	5	8	2	3
33	1	3	7	6	1	1	1	1	1	666	3 roky	1	1	1	1	1	1	4	4	4	5	10	10	10	10	8	2	3
37	2	3	1	6	2	1	2	2	1	2	sys_empty	1	1	1	2	1	1	10	9	8	9	5	7	3	2	666	2	3
20	1	1	12	4	1	1	1	1	1	666	To nevím, snail bych se co nejrychleji neco najít	1	1	1	1	1	1	7	3	7	5	10	8	8	10	1	1	1
42	1	3	11	2	1	2	2	1	2	666	6 mìsícù	1	1	1	2	2	1	8	8	10	10	4	8	1	1	666	2	3
35	2	3	10	5	1	1	1	1	1	666	hodnì dlouho vzhledem k tomu, e jsem matka od 3 dìtí :-(	1	1	1	2	1	2	8	8	8	8	5	10	5	5	5	2	3
30	2	3	10	1	1	3	2	1	2	666	záleí na monostech	1	1	1	1	1	1	10	10	10	10	10	10	10	10	5	2	3
26	2	1	14	5	2	3	3	1	1	666	nevím	1	1	1	2	1	1	10	10	10	8	5	8	6	9	5	1	1
18	1	3	8	1	1	3	3	1	2	2	sys_empty	1	2	1	1	2	1	8	8	3	8	5	7	4	8	1	1	3
19	2	3	10	5	1	1	1	2	1	2	sys_empty	1	1	1	1	2	2	7	6	5	6	7	8	4	4	1	1	3
36	1	2	14	5	1	1	1	1	1	666	pùl roku	1	1	1	2	2	1	8	8	8	10	3	10	8	6	666	2	1
48	1	3	11	2	1	1	1	2	1	666	3-6 mìsícù	1	1	1	2	2	2	5	5	5	5	5	5	5	10	666	3	3
42	1	2	14	1	1	3	3	1	1	666	nevím	1	1	1	2	1	1	7	5	4	5	6	9	9	10	4	2	1
28	2	3	14	5	1	2	1	1	1	666	asi pùl roku	1	1	1	2	1	2	10	9	8	10	5	8	5	5	666	1	3
41	1	3	8	5	2	1	1	1	1	666	jsem OSVÈ asi 2 mìsíce	1	1	1	1	1	2	10	9	9	9	6	6	6	6	8	2	3
59	2	2	10	4	1	1	1	1	2	2	sys_empty	1	1	1	1	1	1	5	5	5	6	3	5	5	8	8	3	1
29	2	4	14	6	1	2	1	1	1	666	4 mìsíce	1	1	1	2	1	1	9	9	8	10	5	6	3	3	5	1	4
59	2	3	2	3	1	3	3	1	1	666	Já myslím,e lidé pøed dùchodem mají velké problémy najít práci.Trvalo by to déle protoe i mladí lidé dlouho hledají zamìstnání.	1	1	1	2	1	1	6	6	9	8	10	2	1	3	4	3	3
22	1	2	11	4	2	1	1	1	1	666	déle ne rok	1	1	1	1	2	1	5	4	3	5	6	3	7	8	666	1	1
28	2	4	1	6	2	2	2	1	2	666	2-3 mìsíce	1	1	1	1	1	1	10	9	7	10	8	8	4	5	666	1	4
34	2	4	1	6	2	3	3	1	2	666	Pùl roku a rok	1	1	1	1	1	1	8	8	8	9	5	10	9	9	5	2	4
24	1	2	14	2	1	3	3	1	1	666	roky	1	1	1	2	2	1	5	5	3	1	1	8	5	8	4	1	1
22	2	4	8	1	1	1	1	1	1	666	Do ètvrt roku.	1	1	1	2	1	1	5	4	4	4	5	5	5	5	1	1	4
56	2	3	8	5	2	1	1	1	1	666	cca pùl roku	1	1	1	2	2	2	6	3	7	7	3	9	2	5	8	3	3
25	1	3	14	4	1	2	2	1	2	666	1 mìsíc	1	1	1	2	1	1	10	10	10	10	1	10	4	6	666	1	3
27	1	2	14	5	1	1	2	1	1	666	1 rok	1	1	1	1	2	1	2	2	1	1	10	1	10	10	666	1	1
40	2	4	6	4	2	2	2	2	2	666	myslím si, e bych našla zamìstnání v co nejkratší dobì.	1	1	1	2	2	1	10	10	10	10	5	7	2	4	666	2	4
47	1	2	9	1	1	1	1	1	1	666	2-5 mìsícù	1	1	1	2	2	1	3	3	3	9	9	9	10	10	666	3	1
53	2	3	14	5	1	3	3	1	1	666	hodnì dlouho	2	1	1	2	1	1	5	5	5	10	3	5	8	8	4	3	3
48	1	4	6	5	2	2	2	1	1	666	3 mìsíce	1	1	1	1	1	1	8	7	8	8	4	4	3	6	666	3	4
58	2	2	14	1	2	3	3	1	2	2	sys_empty	1	1	1	2	2	1	8	8	8	10	8	9	5	8	3	3	1
38	1	4	5	5	1	2	2	1	2	666	1-3 mìsíce	1	1	1	1	1	1	8	6	7	8	5	7	6	6	666	2	4
20	1	3	8	2	2	1	1	1	1	2	sys_empty	1	2	1	1	2	1	10	8	8	10	3	3	4	2	1	1	3
15	1	1	13	1	2	3	3	2	1	2	sys_empty	1	1	1	2	1	1	8	8	8	9	4	5	4	5	1	1	1
39	2	4	11	5	2	2	2	1	2	666	mìsíc	1	2	1	1	1	1	10	9	9	10	4	5	5	5	666	2	4
47	1	2	11	4	1	2	2	1	1	666	nevím	1	1	1	2	2	1	5	5	5	5	5	5	5	5	666	3	1
33	1	3	12	4	1	1	1	2	1	2	sys_empty	1	1	1	2	2	1	8	8	5	7	6	8	8	8	666	2	3
23	1	3	3	4	2	1	2	2	1	666	mìsíc	1	1	1	2	2	2	6	5	6	7	5	6	6	5	666	1	3
33	2	1	2	5	2	1	1	1	1	666	1 rok	1	1	1	2	1	1	10	10	10	3	3	10	3	10	666	2	1
32	1	4	2	1	1	1	2	1	1	666	pùl  roku	1	1	1	2	1	1	5	5	5	5	5	5	5	5	666	2	4
43	1	2	12	1	1	2	2	2	1	666	2 mìsíce	1	1	1	1	2	1	5	6	7	8	7	10	2	7	666	2	1
48	2	3	13	1	1	1	2	2	1	666	6 mìsícù	1	1	1	2	2	1	10	10	7	5	3	5	2	2	666	3	3
26	2	3	6	4	2	1	1	2	2	2	sys_empty	1	1	1	2	2	1	10	10	5	10	6	9	8	10	5	1	3
30	2	4	2	2	2	2	2	2	1	666	maximálnì 2 mìsíce	1	1	1	2	1	1	10	8	4	9	6	9	8	8	5	2	4
18	1	1	13	1	2	2	2	1	2	666	Tyden	1	1	1	1	2	2	10	10	10	10	6	10	1	8	1	1	1
49	2	1	14	4	1	3	3	1	1	666	v našem regionu jsem bez šance	1	1	1	2	1	1	10	8	2	5	8	9	7	10	4	3	1
53	1	3	6	5	1	2	2	1	2	666	u bych ho asi nenašel	1	2	1	2	2	2	10	5	3	9	5	9	10	5	666	3	3
42	2	3	1	6	1	1	1	1	1	666	2 roky	2	2	2	2	1	2	7	7	7	7	5	6	8	9	666	2	3
26	2	4	1	6	2	2	2	2	2	666	max 2 mìsíce	1	1	1	1	1	2	9	9	8	8	3	8	2	4	666	1	4
30	1	3	1	6	2	2	2	1	1	666	2 tıdny	1	1	1	2	2	1	9	9	10	10	2	3	5	3	666	2	3
42	2	4	1	6	2	2	2	1	2	666	a 6 mìsícù	1	1	1	1	1	2	4	4	7	5	6	9	7	6	9	2	4
24	1	3	3	5	1	1	1	1	1	2	sys_empty	1	1	1	2	2	2	10	10	10	10	1	5	10	5	1	1	3
33	1	3	14	3	1	3	3	1	2	2	sys_empty	1	1	1	1	1	1	7	7	5	7	3	7	3	3	8	2	3
36	1	2	10	1	1	2	2	1	2	666	3 mìsíce	1	1	1	2	1	1	6	7	5	6	5	5	5	4	666	2	1
46	1	4	11	4	2	1	2	2	1	666	2 roky	1	1	1	2	2	1	4	4	4	6	4	9	9	9	666	3	4
58	1	3	13	5	1	3	3	1	2	2	sys_empty	1	1	1	2	1	2	9	9	9	9	3	9	3	3	3	3	3
38	2	3	3	1	1	3	3	2	2	666	Práci si dávám sama a tak se nebojím, e bych o ní pøišla. Mám dostatek èasu na rodinu i nadprùmìrnı plat.	1	1	1	1	1	1	10	10	10	10	2	2	2	2	8	2	3
45	2	3	14	6	1	1	1	2	1	666	pùl roku	1	1	1	2	1	1	5	4	5	5	6	6	6	6	666	3	3
43	2	3	11	4	1	2	2	2	2	666	nevím	1	1	1	2	2	2	6	5	5	6	5	5	2	3	666	2	3
30	2	4	12	6	1	3	3	1	1	666	2-6 mìsícù	1	1	1	2	1	1	8	5	7	8	6	8	6	9	5	2	4
41	2	4	1	6	1	3	3	1	1	666	5mìsícù	1	1	1	2	1	1	8	7	8	6	7	8	7	7	5	2	4
38	1	3	1	6	2	2	2	1	1	666	Nehledal bych zamìstnání, spíše kombinaci brigád a vlastního podnikání na L	1	1	1	1	1	1	5	5	3	3	3	7	6	7	666	2	3
42	1	2	4	1	1	1	1	1	1	666	Nevím	1	1	1	1	2	2	9	9	9	8	6	6	4	4	666	2	1
56	1	3	3	4	1	2	2	2	1	666	nevím asi dlouho	1	1	1	1	1	1	10	8	9	9	6	6	7	7	666	3	3
33	2	4	1	6	1	3	3	2	2	666	maximálnì 2 mìsíce	1	1	1	2	1	1	8	8	6	8	5	7	5	5	5	2	4
23	2	4	13	4	2	1	1	1	1	666	slouho asi 5 let	1	1	1	1	1	1	6	7	4	6	7	8	6	7	1	1	4
37	2	3	6	5	1	3	1	1	2	666	zaèala bych podnikat	1	1	1	2	2	1	8	8	7	6	5	6	6	7	5	2	3
31	1	2	1	6	2	1	1	1	1	666	u dva roky hledám	1	1	1	2	1	1	4	4	2	4	10	4	10	10	4	2	1
50	2	1	2	1	1	1	3	1	1	666	3 roky mám zkušenosti jsem vinvalidním dùchodu a sehnat práci kterou bych mohla vykonávat trvá roky	1	1	1	2	1	1	9	9	8	9	4	8	5	5	3	3	1
36	2	2	1	6	1	1	1	1	1	666	6 mìsícù	1	1	1	2	1	1	7	4	3	5	6	6	6	9	666	2	1
45	1	2	10	5	2	2	1	2	2	666	2 mìsíce	1	1	1	2	2	1	6	6	3	6	8	10	3	10	666	3	1
47	1	2	14	4	1	2	2	1	2	2	sys_empty	1	1	1	2	1	1	9	8	5	9	3	7	5	9	2	3	1
49	1	2	3	3	1	1	1	1	1	666	12mìsícù	1	1	1	2	1	1	3	3	3	3	7	8	6	2	4	3	1
47	1	2	5	5	1	1	2	1	1	666	neím	1	1	1	2	1	2	7	7	5	8	7	8	6	7	2	3	1
55	2	3	4	5	2	2	2	2	2	2	sys_empty	1	1	1	2	2	1	5	5	5	5	5	5	5	5	8	3	3
32	1	4	5	5	1	1	1	2	2	2	sys_empty	1	1	1	1	1	1	5	5	5	5	3	3	3	3	666	2	4
37	1	2	2	2	2	2	1	1	1	666	3 mìsíce	1	1	1	2	1	1	4	3	6	6	7	5	2	2	666	2	1
24	1	3	14	2	1	1	1	2	1	666	Do roku.	1	1	1	2	2	2	9	8	7	7	3	5	4	7	666	1	3
43	1	2	14	3	1	2	2	2	2	2	sys_empty	1	1	1	2	2	1	10	10	10	10	2	3	3	2	8	2	1
37	1	3	6	5	1	1	2	1	1	666	nìkolik tıdnù	1	1	1	1	1	2	3	3	3	5	4	3	6	3	666	2	3
40	2	2	11	2	1	1	1	1	1	666	déle ne 1rok	1	1	1	2	1	1	5	6	5	7	10	10	10	10	666	2	1
33	2	4	1	6	1	2	2	2	2	666	do 2 mìsícù	1	1	1	2	1	1	7	7	4	8	10	10	10	8	666	2	4
19	1	1	3	5	1	3	3	1	2	2	sys_empty	1	1	1	1	1	2	6	5	7	9	4	8	7	6	1	1	1
57	1	2	11	5	2	1	1	1	1	666	Pokud by se podaøilo najít vùbec nìco , to je OTÁZKA	1	1	1	2	2	2	5	4	3	6	8	5	10	10	8	3	1
47	1	2	14	4	1	2	2	2	2	2	sys_empty	1	2	2	1	1	1	1	1	5	1	5	9	1	5	666	3	1
21	2	3	11	6	1	3	3	2	1	666	pul roku	1	1	1	2	1	1	9	9	7	7	5	6	3	7	1	1	3
21	2	3	10	2	2	1	1	2	1	666	pár let	1	1	1	1	1	2	8	6	5	7	7	4	8	10	1	1	3
33	1	3	14	4	2	2	2	2	2	2	sys_empty	1	1	1	1	1	1	5	4	2	8	5	6	10	10	7	2	3
59	1	2	2	5	1	1	1	1	1	666	Od loòského roku jsem nezamìstnanı bez jakéhokoli pøíjmu, iví mì manelka z dùchodu, pracoval jsem na pozici technik u plastovıch oken. Zamìstnavatel mi dal neprávem vıpovìï na hodinu za hrubé porušení práce, proti èemu jsem se ohradi. Nyní v zastoupení	1	1	1	2	2	1	4	3	2	6	8	10	5	8	4	3	1
50	1	3	12	5	2	3	3	1	1	666	mìsíc	1	2	1	1	2	2	7	7	7	7	2	8	8	3	666	3	3
51	2	3	12	4	1	3	3	1	2	2	sys_empty	1	1	1	1	2	2	1	1	1	1	10	10	10	10	2	3	3
48	1	2	10	1	1	1	2	1	1	666	1/2 roku	1	1	1	2	1	1	6	7	5	8	6	8	4	7	666	3	1
26	1	1	2	1	2	2	2	1	1	666	1 tyden	1	1	1	2	2	1	10	6	6	10	3	7	5	4	666	1	1
57	1	3	1	6	1	1	1	1	1	666	nevím	1	1	1	2	1	1	8	6	3	5	9	10	10	10	666	3	3
17	1	1	4	5	2	3	3	1	1	2	sys_empty	1	1	1	2	1	2	7	3	3	7	5	6	7	6	1	1	1
52	1	2	5	1	1	1	1	1	1	666	Vzhledem k nedostatku prac. pøíleitostí v místì mého bydlištì si netroufnu odhadnout, jak dlouho by mi trvalo najít nové zamìstnání. Ale pravdìpodobnì nìkolik mìsícù.	1	1	1	2	1	1	8	7	6	9	4	7	4	7	666	3	1
27	1	2	3	2	1	1	1	1	1	666	Stále hledám.	1	1	1	1	2	1	10	10	10	10	7	8	6	9	7	1	1
38	1	2	1	6	2	3	3	1	2	2	sys_empty	1	1	1	2	2	2	8	7	7	8	3	6	6	6	8	2	1
21	2	3	12	1	1	3	3	2	1	666	do pùl roku	1	1	1	1	1	2	7	8	9	7	5	8	2	5	1	1	3
23	2	3	11	4	1	3	3	2	1	666	pùl roku	1	1	1	1	1	2	9	9	9	8	2	3	3	2	1	1	3
59	1	4	11	6	1	2	2	2	2	2	sys_empty	1	1	1	2	1	2	5	5	4	7	9	5	9	6	666	3	4
22	2	4	1	6	2	1	1	2	1	666	6mìsícù	1	1	2	2	1	2	8	6	5	6	6	9	7	10	1	1	4
18	1	3	8	4	2	1	1	2	1	2	sys_empty	1	1	1	2	1	2	6	4	3	8	6	8	10	7	1	1	3
47	1	2	10	1	1	1	1	1	1	666	Na vysoèinì asi dlouho	1	1	1	2	1	1	5	8	7	9	9	9	9	8	666	3	1
26	1	3	7	4	1	3	3	1	1	666	nevím	1	1	1	1	2	1	4	4	4	5	5	5	4	5	666	1	3
32	1	3	8	5	1	1	2	2	1	666	Snad nejdéle rok, ale asi bych ¹el metodou najít cokoliv do mìsíce a pak ten cca rok hledat lep¹í	1	1	1	2	1	1	6	6	4	4	2	8	4	8	666	2	3
25	2	3	14	1	1	1	3	1	2	666	krátkou dobu	1	1	1	2	2	1	10	10	10	10	7	10	7	5	666	1	3
19	1	3	2	4	1	3	3	1	1	2	sys_empty	1	1	1	1	1	1	6	5	6	8	5	7	4	3	1	1	3
51	2	3	11	5	1	2	1	2	2	2	sys_empty	1	1	1	1	1	1	5	5	6	6	8	5	4	6	666	3	3
21	2	1	6	2	2	2	2	1	2	666	3 mìsíce	1	1	1	2	2	1	10	8	7	7	5	6	3	3	5	1	1
24	2	3	11	4	1	3	3	2	1	666	max. rok	1	1	1	1	1	1	7	7	5	7	4	5	4	6	1	1	3
23	1	4	13	1	1	3	3	2	1	2	sys_empty	1	1	1	2	1	1	8	7	6	8	5	7	6	6	1	1	4
19	1	3	10	5	2	3	1	2	1	666	do mìsíce, do dvou... :)	1	1	1	1	2	2	1	10	10	5	1	10	10	1	1	1	3
19	1	1	2	5	1	1	1	1	1	666	maximálnì pùl roku, ale více pravdìpodobné je tak 2-3 mìsíce	1	2	1	1	1	2	7	7	8	8	6	7	5	7	1	1	1
20	2	2	11	3	1	3	3	2	1	2	sys_empty	1	1	1	2	1	2	6	5	5	5	6	7	5	6	1	1	1
36	1	2	3	1	1	1	3	2	1	666	nevím odhaduji max. 14 dní	1	1	1	2	2	2	9	9	8	5	6	8	6	6	666	2	1
38	2	4	1	6	2	3	3	1	2	2	sys_empty	1	1	1	2	1	2	10	10	8	8	5	7	4	10	8	2	4
24	2	4	11	5	2	3	3	1	1	666	2 mìsíce	1	1	1	2	2	1	8	8	8	8	6	6	6	7	1	1	4
26	1	3	11	6	1	2	2	2	1	2	sys_empty	1	1	1	2	2	1	8	9	9	7	1	6	7	8	7	1	3
30	2	4	1	6	2	3	3	1	1	666	pùl roku	1	1	1	2	1	1	9	9	8	8	5	8	5	5	5	2	4
30	2	2	3	2	2	1	1	1	1	666	nevím	1	1	1	2	1	1	10	10	8	10	10	10	10	10	5	2	1
34	1	2	14	1	1	1	1	1	1	666	1rok	1	1	1	1	1	1	5	5	5	7	5	8	5	6	666	2	1
47	1	2	4	1	1	3	3	1	1	2	sys_empty	1	1	1	2	1	2	10	10	10	10	1	8	1	1	3	3	1
38	2	4	11	6	2	2	3	1	2	666	cca 5 mìsícù	1	1	1	2	1	1	9	9	7	10	6	9	7	8	666	2	4
28	2	3	13	1	2	1	1	2	1	666	2-3 mesice	1	2	1	1	2	1	7	7	6	6	9	9	7	7	666	1	3
53	1	2	2	1	1	1	1	1	1	666	rok	1	1	1	2	1	1	2	1	3	2	4	2	6	6	666	3	1
51	1	2	6	2	1	1	2	1	1	666	dlouho	1	1	1	2	1	2	3	3	2	7	3	2	5	2	666	3	1
49	1	3	12	5	1	1	1	1	1	666	nikde	1	1	1	2	1	1	9	4	8	10	2	6	2	2	8	3	3
53	1	2	1	6	1	3	3	1	1	666	rok	2	2	1	2	1	2	9	5	6	6	6	4	4	5	3	3	1
58	1	3	9	1	1	1	1	1	1	666	2 roky	1	1	1	1	2	1	5	5	5	6	6	7	6	6	666	3	3
40	2	2	12	3	1	1	1	1	1	666	záleí na místì bydlištì a v jakém vìku, ale asi tak pùl roku	1	2	1	2	2	1	8	7	5	10	4	3	3	3	666	2	1
32	1	2	1	6	1	2	2	2	2	2	sys_empty	1	1	1	2	1	1	6	6	6	6	6	6	6	3	666	2	1
49	1	3	1	6	2	1	1	1	1	666	1 rok	1	1	1	2	1	2	8	7	6	6	5	5	3	3	8	3	3
20	2	3	1	6	2	2	2	1	1	666	mìsíc	1	1	1	2	1	1	10	10	10	10	7	10	7	7	1	1	3
37	1	2	2	3	1	1	1	1	1	666	nemám ponìtí.ve vysokém vìku to bude asi problém	1	1	1	1	1	1	8	5	5	6	7	7	9	9	666	2	1
18	1	3	6	4	1	3	3	2	1	666	1/2 roku	1	1	1	2	2	1	6	4	6	7	5	6	6	6	1	1	3
40	2	2	6	1	2	1	1	1	1	666	s velkou mírou nezamìstnanosti nedokáu odhadnout	1	1	1	2	1	1	7	6	3	8	7	9	7	10	666	2	1
22	1	3	3	1	1	1	1	1	1	2	sys_empty	2	2	1	1	1	1	2	2	2	2	2	2	2	2	1	1	3
38	1	2	12	1	1	2	2	2	1	666	1 mìsíc	1	1	1	2	1	1	8	8	8	7	5	9	9	10	666	2	1
40	1	2	4	1	2	3	3	2	2	2	sys_empty	1	1	1	1	1	1	3	3	2	4	4	4	3	5	2	2	1
30	1	3	13	5	2	1	2	1	2	666	1-2 mìsíce	1	1	1	1	2	2	5	5	5	5	5	5	5	5	666	2	3
22	1	3	14	5	1	2	2	2	1	2	sys_empty	1	1	1	2	2	1	5	5	5	5	5	5	5	5	1	1	3
27	2	3	11	4	1	2	2	1	1	666	1/2 roku	1	1	1	2	1	1	10	10	5	5	7	5	4	6	666	1	3
38	2	2	2	1	1	1	1	1	1	666	rok	1	1	2	2	1	1	3	1	1	3	10	10	9	10	666	2	1
49	1	2	2	2	2	2	2	1	2	2	sys_empty	1	1	1	1	1	1	5	5	5	6	4	3	7	7	666	3	1
23	2	2	8	1	1	1	1	1	1	666	2 mìsíce	1	1	1	2	1	1	8	8	7	8	4	6	5	6	5	1	1
54	1	2	7	2	2	1	1	1	1	666	Záleí na okolnostech	2	2	1	2	2	1	7	5	8	7	8	9	5	10	666	3	1
52	1	3	9	5	2	3	1	1	1	666	nevím	1	1	1	2	1	2	8	8	8	9	6	8	6	7	666	3	3
43	2	3	13	4	2	1	1	1	1	666	2 roky	1	1	1	2	1	1	4	5	4	5	7	10	4	10	666	2	3
32	2	4	1	6	1	3	3	1	2	666	max. 1 rok	1	1	1	1	1	1	10	10	9	10	5	8	7	5	5	2	4
21	1	3	11	4	1	3	2	2	1	2	sys_empty	2	2	2	2	2	2	1	2	3	2	8	1	9	1	1	1	3
37	2	2	4	6	2	2	2	1	1	666	1-2 mìsíce	1	1	1	1	2	1	5	5	4	4	4	4	4	5	666	2	1
59	2	1	10	2	1	3	3	1	2	666	1/2roku	2	2	1	2	1	2	10	10	6	10	4	10	6	8	2	3	1
37	2	2	2	5	1	2	1	1	2	2	sys_empty	2	1	1	2	2	2	7	7	6	6	4	4	3	5	666	2	1
39	2	2	4	5	1	2	2	1	1	666	mìsíc	1	1	1	2	2	1	9	9	6	6	1	9	10	1	5	2	1
53	1	3	1	6	1	1	1	2	1	666	0,5 roku	1	1	1	2	2	2	6	5	7	6	4	9	9	8	666	3	3
32	1	2	14	5	1	2	2	1	1	666	1 mìsic?	1	1	1	2	2	1	5	5	5	5	5	6	5	6	666	2	1
24	2	4	11	5	2	2	2	2	2	666	2 mìsíce	1	1	1	2	1	1	10	10	6	9	2	6	5	7	666	1	4
43	1	3	2	1	1	1	2	2	1	666	3 mìsíce	1	1	1	2	1	1	3	4	8	8	2	3	2	1	666	2	3
20	1	2	9	2	1	1	1	1	1	666	3 mesice	1	1	1	1	1	1	6	4	3	3	6	5	5	8	4	1	1
42	1	4	1	6	2	3	3	1	2	2	sys_empty	1	1	1	1	2	2	10	10	9	10	8	9	10	9	7	2	4
37	2	3	14	6	1	2	2	1	1	666	6 mìsícù	1	1	1	2	2	1	10	10	10	10	2	3	1	1	666	2	3
27	2	3	2	1	1	3	3	1	1	2	sys_empty	1	1	1	1	1	1	7	7	6	6	6	6	3	5	4	1	3
28	1	4	3	4	2	2	2	2	2	2	sys_empty	1	1	1	1	2	1	10	10	10	10	3	8	8	3	9	1	4
53	1	3	6	3	2	3	3	1	2	2	sys_empty	1	1	1	2	1	1	7	7	8	6	5	6	4	4	8	3	3
21	1	3	2	1	1	1	1	2	1	2	sys_empty	1	1	1	1	1	1	5	5	4	5	7	6	3	6	1	1	3
36	2	3	1	6	1	1	1	1	1	666	1 mìsíc	1	1	1	2	1	1	5	5	4	6	8	8	6	9	666	2	3
30	1	3	11	6	2	2	2	1	1	666	max 3 mìsíce	1	1	1	2	2	1	9	7	8	7	5	9	7	7	666	2	3
22	2	3	11	6	1	1	1	2	1	666	rok	2	1	1	2	1	1	8	8	7	7	6	9	4	3	666	1	3
20	2	3	8	4	2	3	3	2	1	2	sys_empty	1	1	1	2	2	1	10	10	8	10	3	8	3	4	1	1	3
32	1	2	5	5	1	1	2	1	1	666	2-3 mìsíce	1	1	1	1	2	1	10	10	6	10	5	8	4	4	666	2	1
33	2	4	11	6	1	2	2	1	1	666	6mesicu	1	1	1	1	1	1	9	9	7	9	1	9	1	3	5	2	4
32	2	3	10	1	1	1	2	1	2	666	6mìsícù	1	1	1	2	2	2	9	9	6	4	4	8	5	6	666	2	3
27	2	3	6	5	1	2	2	1	2	666	podle situace	1	1	1	2	2	2	5	5	4	5	8	10	8	8	666	1	3
55	1	2	13	2	2	1	1	1	1	666	Moná u vùbec ne,kdy máme tak dobré vedení.	1	1	1	2	1	1	2	5	1	3	9	10	9	10	666	3	1
46	2	2	13	4	1	1	1	1	1	666	asi hodnì dlouho,mìsíce	1	1	1	2	1	1	7	7	3	6	4	10	7	10	666	3	1
33	2	4	1	6	1	1	2	1	1	666	3 mìsíce	1	1	1	2	1	2	10	8	8	9	5	5	4	6	666	2	4
32	2	4	1	6	2	3	3	2	2	666	záleí to na poptávce na trhu práce	1	1	1	2	1	1	9	9	9	9	7	8	6	7	5	2	4
40	2	2	11	2	2	1	1	1	1	666	Tak momentálnì jsem nezamìstnaná a mám obavu kdy jsem nemocná, e najít práci bude problém	1	1	1	1	1	1	4	4	3	3	10	10	8	10	4	2	1
54	2	3	3	3	1	3	3	1	1	666	asi pùl roku	1	1	1	2	1	1	6	6	6	7	6	5	8	6	2	3	3
29	1	2	2	2	2	2	1	1	1	666	1 mìsíc	1	1	1	2	1	1	5	4	3	4	7	7	5	6	666	1	1
42	1	2	11	1	1	1	1	2	1	666	Vùbec netuším	1	1	1	2	2	1	7	6	3	10	7	6	8	9	666	2	1
44	2	4	1	6	1	1	1	1	1	666	6 mìsícù	1	1	1	2	2	1	6	6	6	5	5	3	4	3	666	2	4
33	2	3	3	2	2	2	2	1	2	666	Tìko øíci, moná bych musela sníit své nároky a urèitì by se èasem nìjaké našlo.	1	1	1	2	1	1	9	7	5	9	8	8	8	8	5	2	3
21	2	3	9	2	1	3	3	1	1	666	šla bych èásteènì vypomáhat pøíteli (podnikateli), mezitím ne bych našla nové zamìstnání	1	1	2	2	1	1	9	9	3	7	6	8	5	7	1	1	3
47	2	2	11	6	1	1	1	2	2	666	ne moc louho,tak  mìsíc	2	1	1	2	1	1	6	6	4	8	9	10	9	9	666	3	1
39	2	2	6	4	1	1	1	1	1	666	Netuším,mám zdravotní problémy	1	1	1	2	1	1	3	3	2	2	4	10	4	10	666	2	1
59	1	2	4	3	1	2	2	1	2	666	rok	2	1	2	2	2	1	3	3	3	3	7	10	7	10	666	3	1
18	1	1	8	5	1	1	1	1	1	2	sys_empty	1	1	1	1	1	1	10	10	10	10	1	1	1	1	1	1	1
25	2	3	1	6	2	1	1	2	1	666	Dlouho...rok a více	1	1	1	2	2	1	7	6	7	7	5	8	3	8	666	1	3
32	2	3	7	6	1	2	1	2	1	2	sys_empty	1	1	1	2	1	1	6	6	5	6	4	7	6	8	666	2	3
28	1	4	2	1	2	2	2	1	1	666	3 mìsíce	1	1	1	2	1	1	10	10	10	10	2	7	2	2	666	1	4
36	2	2	4	4	1	1	1	1	1	666	Hodnì dlouho	1	1	1	2	2	1	2	2	1	2	9	9	9	9	666	2	1
48	2	3	3	5	1	1	1	2	1	666	do smrti	1	1	1	2	2	2	4	4	3	3	2	9	5	6	666	3	3
43	1	3	8	5	1	2	2	1	2	666	2-3 mìsíce	1	1	1	2	2	1	8	8	8	8	3	5	4	4	666	2	3
28	2	4	3	5	1	2	2	1	2	2	sys_empty	1	1	1	1	1	1	10	10	8	10	4	5	5	2	7	1	4
54	1	3	2	4	1	2	1	2	2	666	ihned	2	2	1	2	1	2	10	10	10	10	6	8	2	2	666	3	3
44	1	3	1	6	2	2	2	2	2	2	sys_empty	1	1	1	1	2	2	5	6	5	7	4	5	5	5	666	2	3
48	2	2	13	1	2	3	3	2	2	666	nemám tušení	1	1	1	2	2	1	8	8	7	7	8	9	8	8	3	3	1
24	2	3	3	5	2	1	2	1	2	666	6 mesicu	1	1	1	2	2	1	5	5	6	5	4	9	9	8	666	1	3
19	2	3	13	5	1	3	3	2	1	2	sys_empty	1	1	1	2	1	1	9	8	8	10	5	5	5	6	1	1	3
40	1	2	11	1	2	1	2	1	2	666	tyden	1	1	1	2	1	1	5	5	4	6	7	7	3	3	7	2	1
56	2	3	13	1	2	1	1	1	1	666	do pùl roku	1	1	1	2	1	1	7	7	6	7	8	9	8	9	666	3	3
18	1	1	6	5	1	3	3	1	1	2	sys_empty	1	1	1	1	2	1	8	8	10	10	3	9	10	2	1	1	1
31	2	4	12	6	2	3	3	2	1	666	Doufám, e max 3 mìsíce	1	1	1	2	1	1	10	10	10	10	2	6	3	2	5	2	4
59	2	2	6	5	1	3	3	2	2	2	sys_empty	1	1	1	2	2	1	9	9	8	9	2	2	4	2	3	3	1
16	1	1	11	2	1	2	2	1	1	2	sys_empty	1	1	1	1	1	1	5	5	5	5	5	5	5	5	1	1	1
23	2	4	2	4	1	2	2	2	2	666	1-3 mìsíce	1	1	1	2	2	2	10	10	7	7	3	4	3	4	7	1	4
39	2	3	6	4	2	2	2	1	1	666	rok	1	1	1	2	1	2	8	9	8	8	3	5	1	2	8	2	3
25	1	4	7	6	1	2	2	2	2	666	1 mìsíc	1	2	1	1	2	1	5	6	4	5	3	6	3	4	666	1	4
29	2	3	7	5	1	2	2	2	1	666	6mìsícù	1	1	1	1	1	1	7	8	7	9	6	6	3	5	666	1	3
53	2	3	10	1	1	3	3	1	2	2	sys_empty	1	1	1	2	1	1	6	6	3	6	8	9	6	7	3	3	3
18	2	1	14	4	2	3	3	1	1	2	sys_empty	1	1	1	2	2	2	7	7	4	4	5	7	6	10	1	1	1
39	2	3	6	4	1	3	3	2	1	666	do 1/4 roku	1	1	1	2	1	1	8	8	6	7	6	6	6	6	5	2	3
33	2	4	1	6	1	3	1	1	1	666	minimalne nekolik mesicu	1	2	1	2	1	2	10	10	9	10	5	9	7	7	5	2	4
20	2	3	1	6	1	3	3	2	1	2	sys_empty	1	1	1	2	1	1	10	9	10	10	3	8	4	4	1	1	3
19	1	3	11	3	1	3	1	2	1	666	zhruba 1-3 mìsíce	1	2	1	2	1	1	10	8	7	10	6	7	4	5	1	1	3
34	2	3	12	4	2	2	2	1	1	666	pùl roku	1	1	1	2	2	2	4	3	5	7	5	5	4	7	666	2	3
58	2	2	14	1	1	3	3	1	2	2	sys_empty	1	2	2	2	2	2	4	2	6	8	2	2	3	8	3	3	1
26	1	4	11	3	1	1	1	2	2	666	6 mìsícù	1	1	1	2	1	1	10	10	10	10	1	2	1	3	666	1	4
29	2	3	2	2	2	3	3	1	1	666	2-3 mìsíce	1	1	1	2	1	1	6	6	4	6	6	5	5	4	5	1	3
36	1	2	14	5	1	1	1	1	1	666	nevím	1	1	1	2	1	1	8	8	7	8	5	5	6	4	666	2	1
53	1	2	14	1	1	1	1	1	1	666	Asi mìsíc	1	1	1	2	2	1	8	8	9	10	6	7	5	4	666	3	1
44	1	4	12	1	1	1	2	1	1	666	3-6 mesicu	1	1	1	2	1	1	9	9	9	9	2	4	4	4	666	2	4
34	1	3	7	3	2	1	3	1	2	2	sys_empty	1	1	1	1	1	1	8	8	4	5	3	10	4	4	8	2	3
36	1	3	3	3	2	1	2	1	1	666	3 mìsíce	1	1	1	2	1	1	9	9	9	9	4	9	7	4	666	2	3
17	2	1	4	4	2	3	3	2	2	2	sys_empty	1	1	1	1	2	2	8	6	7	4	5	10	9	8	1	1	1
48	1	3	1	6	2	2	2	1	2	2	sys_empty	1	1	1	2	1	1	10	10	7	9	2	3	5	4	666	3	3
46	2	3	14	5	1	2	2	1	1	666	1 rok	1	1	1	2	1	1	9	8	7	8	6	8	3	6	666	3	3
45	1	2	13	5	2	1	2	2	1	666	pùl roku	1	1	1	2	1	1	9	9	5	7	8	7	5	5	666	3	1
38	2	3	11	2	1	3	3	1	2	666	pùl roku a 3/4 roku .. snad :-)	1	1	1	2	1	2	10	10	10	10	3	3	3	3	5	2	3
51	1	3	2	1	1	2	2	2	2	666	pùl roku	1	1	1	2	2	1	8	8	8	9	3	6	5	2	666	3	3
51	2	2	13	4	1	1	1	1	1	666	1-2 roky	1	1	1	2	2	1	4	4	3	5	8	10	10	10	666	3	1
38	1	2	7	4	1	2	2	1	2	666	2 MÌSÍCE	2	1	1	2	1	1	10	9	8	10	5	9	10	10	666	2	1
40	1	3	8	3	1	2	2	1	1	2	sys_empty	1	1	1	2	1	2	8	8	8	8	5	9	6	7	8	2	3
45	1	2	3	3	2	1	1	1	1	666	2-4 tıdny	1	1	1	2	2	1	5	4	6	5	5	7	6	7	666	3	1
31	2	2	12	2	1	3	3	1	1	666	Momentálnì jsem na MD,ale pøed tím jsem o práci pøišla ,protoe podnik zkrachoval a s prací je to velmi špatné	1	1	1	2	1	1	5	5	1	3	8	8	9	9	5	2	1
42	2	2	4	1	2	3	3	1	1	666	dost dlouho jsem èid a mám problém najít práci	1	1	1	2	2	1	10	10	9	6	9	9	6	10	3	2	1
50	2	2	9	1	2	3	3	2	2	2	sys_empty	1	1	1	2	2	1	8	8	6	10	3	3	7	4	666	3	1
54	1	3	11	2	1	2	2	1	2	666	Nìkolik dní	1	1	1	1	1	2	10	7	10	9	3	9	6	9	666	3	3
23	1	2	10	4	2	2	2	1	1	666	cca. 1 mesic	1	1	1	2	2	1	8	6	5	9	5	8	3	5	666	1	1
58	2	3	14	4	1	3	3	1	1	2	sys_empty	1	1	1	2	1	1	7	5	3	3	5	8	5	8	3	3	3
36	1	3	6	5	2	2	1	1	1	2	sys_empty	1	1	1	1	2	2	9	9	8	7	4	6	3	6	7	2	3
27	1	2	2	4	1	1	1	1	1	2	sys_empty	1	2	1	2	1	1	1	1	1	5	1	10	5	7	666	1	1
56	1	2	10	4	2	3	3	1	2	2	sys_empty	1	1	1	2	2	2	9	8	8	7	4	10	4	2	666	3	1
28	2	3	1	3	1	3	1	1	1	666	nevím	1	1	1	2	1	1	10	9	8	8	5	5	3	4	5	1	3
51	1	2	8	2	1	3	3	1	1	666	Nevím zdali bych ještì nìjaké místo našel.	1	1	1	2	2	1	3	3	3	5	3	9	7	8	7	3	1
45	1	2	2	1	1	1	1	1	1	666	2-3 mìsíce	1	1	1	2	2	1	7	8	4	9	5	6	7	10	666	3	1
28	1	2	1	6	1	3	3	1	1	666	mìsíce, moná i roky pokud by nebyl nikdo kdo mne do nìjakého zamìstnání pomùe	2	1	2	2	1	1	5	5	7	3	4	3	5	2	4	1	1
34	1	3	2	1	2	2	2	1	1	666	kdo chce dìlat práci si najde	1	1	1	2	1	1	10	10	9	10	7	8	7	6	666	2	3
51	1	3	3	5	1	1	2	2	1	2	sys_empty	1	1	1	1	1	1	10	5	5	6	4	8	1	6	666	3	3
27	2	2	4	4	1	1	1	1	1	2	sys_empty	1	2	1	2	2	1	8	8	8	5	3	5	6	6	666	1	1
34	1	3	4	2	2	1	2	1	2	666	vzhledem k pùlroèní vıpovìdní lhùtì bych snad nastoupil do nové práce hned	1	1	1	2	2	1	9	9	7	7	5	8	6	5	666	2	3
54	2	1	14	5	1	1	1	1	1	666	èím nejrychleji	2	1	1	2	2	1	10	7	7	7	6	10	8	9	666	3	1
54	2	3	2	3	1	3	3	1	1	666	Jsem nezamìstnaná ji 20 mìsícù, tudí bez podpory èi jinıch dávek. Je mi 54 rokù a i pøes velice intenzivní hledání práce se mi stále nedaøí zaøadit se do stavu pracujících, nebo je vdy upøednostnìna mladší uchazeè/ka. Rekvalifikace mi úøad práce zamít	1	1	1	2	1	1	3	3	3	3	5	10	2	10	4	3	3
53	2	3	11	1	1	1	1	1	1	666	ROK	1	1	1	2	2	2	3	1	1	2	10	10	8	10	4	3	3
39	1	4	14	5	2	3	3	2	1	666	1 mìsíc	1	1	1	2	2	1	8	8	5	5	3	8	4	4	666	2	4
58	1	3	12	4	1	2	1	2	2	666	5	1	1	1	2	1	1	5	5	3	6	5	6	7	7	666	3	3
37	1	3	8	4	2	2	2	1	1	666	do pùl roku	1	1	1	2	1	2	7	7	7	5	3	7	8	3	666	2	3
49	1	3	11	4	1	2	2	2	2	2	sys_empty	2	1	1	2	2	1	9	7	8	8	5	3	9	7	666	3	3
19	1	3	14	4	1	1	1	2	1	666	Snad do mìsíce	1	1	1	1	2	2	10	10	10	4	4	7	4	4	1	1	3
36	2	4	1	6	1	2	2	1	2	666	PÙL ROKU	1	1	1	1	1	1	7	7	7	7	7	7	6	6	666	2	4
20	2	3	13	1	2	3	3	1	2	2	sys_empty	1	1	1	2	2	2	6	6	3	5	4	9	8	10	666	1	3
47	2	3	6	4	2	1	1	1	1	666	6 mìsícù	1	1	1	2	2	2	2	1	1	2	10	8	7	10	666	3	3
59	1	2	3	5	1	2	2	2	2	2	sys_empty	1	1	1	2	2	1	7	7	5	7	7	8	8	8	666	3	1
32	1	3	8	3	1	1	1	2	1	666	6 mesicu	1	1	1	1	1	1	5	5	4	5	3	4	5	4	666	2	3
39	1	2	11	2	1	1	2	2	1	666	chvíli	2	1	2	2	2	2	8	7	7	6	6	8	6	5	666	2	1
29	1	3	13	4	1	2	2	1	1	666	MÌSÍC	2	1	2	2	2	2	7	7	4	10	3	8	8	8	666	1	3
46	1	2	9	4	1	2	1	1	1	666	3mìsíce	2	1	1	2	2	2	9	9	8	8	9	9	3	4	666	3	1
30	2	4	1	6	1	3	1	2	1	666	nemam prilis specifickou profesi,proto si myslim,ze bych praci nasla v radu dvou az tri mesicu.	1	2	1	1	1	2	8	8	5	5	2	2	1	1	5	2	4
32	1	3	2	2	2	2	2	2	1	666	1-2 mesice	1	1	1	2	1	1	7	7	6	6	8	9	7	7	666	2	3
44	1	2	6	2	2	1	2	1	1	666	rok	1	1	1	1	2	2	10	10	10	10	3	5	5	5	666	2	1
28	2	3	1	6	2	2	3	2	2	666	mesic	1	1	1	1	2	2	9	9	6	10	4	7	2	8	666	1	3
25	2	3	4	4	2	2	2	1	1	666	myslím tak do pùl roku	1	1	1	2	2	1	7	8	5	7	8	5	7	7	666	1	3
26	2	3	2	1	2	1	3	2	1	666	snaila bych se co nejdøíve, nedá se urèit jak dlouho	1	1	1	2	1	1	10	10	6	7	4	9	5	6	5	1	3
52	1	3	11	6	1	1	1	2	1	666	rok	1	1	1	2	1	2	10	10	10	10	1	5	2	2	666	3	3
32	2	4	1	6	1	1	2	2	1	2	sys_empty	1	1	1	2	2	1	8	7	7	8	7	8	8	7	666	2	4
44	1	3	14	4	1	2	2	2	2	666	asi mìsíc ?	1	1	1	2	1	1	9	10	8	10	5	6	7	8	666	2	3
35	2	4	1	6	1	3	3	2	2	2	sys_empty	1	2	1	2	1	2	10	10	10	10	2	5	1	1	5	2	4
31	1	4	12	1	1	1	2	2	1	666	3 mìsíce	1	1	1	2	1	1	6	5	2	7	7	9	6	9	666	2	4
28	2	3	9	4	1	1	3	1	1	2	sys_empty	1	1	1	2	1	1	9	9	8	9	6	8	7	7	5	1	3
35	1	3	13	3	1	2	2	1	2	2	sys_empty	1	1	1	2	2	2	10	10	10	10	10	8	9	10	7	2	3
38	1	3	10	1	1	2	2	2	1	666	pùl roku	1	1	1	2	1	2	8	8	8	7	3	5	3	6	666	2	3
57	1	2	2	5	1	1	2	2	1	666	2 mìsíce	1	1	1	2	1	1	6	4	4	9	4	5	5	4	666	3	1
26	1	3	4	6	1	3	3	1	2	666	2 mìsíce	1	2	1	1	2	1	6	4	5	7	6	3	7	6	8	1	3
33	2	4	1	6	2	2	2	2	2	666	3 mìsíce	1	1	1	2	1	1	9	9	8	10	4	8	4	9	8	2	4
46	1	3	14	6	2	1	2	1	1	666	nevím	1	1	1	1	1	1	10	10	10	10	3	4	2	1	666	3	3
41	2	4	12	6	2	1	1	2	2	666	Doufám, e velmi krátkou dobu. Vzala bych cokoliv radìji ne zùstat doma	1	1	1	2	1	1	8	8	8	9	4	7	4	6	666	2	4
53	1	2	2	5	1	2	1	1	1	666	dlouho	1	1	1	2	1	1	4	3	3	2	6	8	10	10	666	3	1
46	1	3	14	4	2	2	2	1	2	666	1 - 2 mìsíce	1	1	1	1	1	2	9	8	9	9	2	4	5	6	666	3	3
30	1	2	9	5	1	2	2	1	2	666	Max. mìsíc	1	1	1	2	2	1	9	10	8	10	2	6	2	5	666	2	1
30	1	3	3	2	1	1	1	2	2	666	3-12 mìsícù	1	1	1	2	2	1	10	10	8	9	5	7	8	2	666	2	3
33	1	3	2	4	1	2	2	1	2	666	max. pùl roku	1	1	1	2	1	1	8	8	4	9	7	5	6	5	666	2	3
39	2	4	3	5	1	1	2	1	1	666	Nìkolik Mìsícù	1	1	1	2	1	1	4	3	1	2	6	10	7	4	666	2	4
66	1	2	6	5	1	3	3	2	2	666	Jsem v dùchodu	1	1	1	2	2	1	8	8	9	10	2	5	1	1	3	 	1
51	1	4	1	6	1	2	2	1	1	666	3 mìsíce	1	1	1	2	1	1	9	9	9	9	3	4	4	3	666	3	4
34	2	3	14	2	1	1	1	1	1	666	Mìsíc	1	1	1	2	1	2	6	6	5	7	5	7	7	8	666	2	3
67	1	4	10	5	2	3	3	1	2	2	sys_empty	1	1	1	2	1	1	6	5	6	10	5	1	6	1	3	 	4
44	2	3	14	5	2	1	3	2	1	666	0,5 roku	1	1	1	2	1	1	7	7	7	7	7	9	5	7	666	2	3
47	2	3	1	6	1	1	1	1	1	666	v mém vìku u asi dost dlouho	1	1	1	2	1	1	7	7	7	7	7	7	7	7	666	3	3
54	1	3	1	6	1	1	2	1	1	666	vzhledem k vìku nejménì 1 rok	2	1	1	2	1	1	9	9	8	9	5	7	3	4	666	3	3
38	2	3	4	6	1	3	3	1	1	2	sys_empty	1	1	1	2	1	1	8	8	8	8	5	6	5	5	5	2	3
25	2	3	6	5	1	1	1	1	1	666	Jako matce samoivitelce hodnì dlouho	1	1	1	2	1	1	8	8	3	7	10	8	4	10	5	1	3
33	1	2	4	2	1	1	2	1	1	666	dlouho	1	1	1	2	2	1	6	5	4	7	4	7	9	8	666	2	1
32	1	4	1	6	1	1	3	2	1	666	6 mìsícù	1	1	1	2	1	1	6	6	5	7	6	8	8	8	666	2	4
60	2	4	1	6	1	3	3	2	2	2	sys_empty	1	1	1	2	1	1	10	10	10	2	1	3	1	1	8	 	4
27	1	2	13	4	1	3	2	2	2	2	sys_empty	1	2	1	1	2	2	10	10	9	10	4	6	3	5	666	1	1
21	2	3	1	6	1	2	1	2	1	2	sys_empty	1	1	1	2	1	1	8	6	6	8	7	8	7	7	1	1	3
55	1	2	2	2	1	1	1	2	1	666	nevím	2	2	1	2	1	1	7	7	7	7	2	4	5	4	666	3	1
55	2	3	2	1	1	1	2	2	2	666	vzhledem k vìku a ètvrt roku	1	1	1	2	2	1	8	8	7	8	6	8	3	7	666	3	3
55	2	3	10	3	1	2	2	2	2	666	nevím	1	1	1	2	2	2	7	7	7	8	7	7	5	5	666	3	3
57	2	2	13	1	1	3	3	1	1	666	V pøeddùchodovém vìku u není šance sehnat zamìstnání.	1	1	1	2	1	1	10	10	5	8	5	10	7	5	3	3	1
51	1	2	14	3	1	3	3	1	2	2	sys_empty	2	1	2	2	1	1	5	4	6	7	7	10	3	6	3	3	1
21	2	1	5	5	2	3	3	1	2	2	sys_empty	1	1	1	2	2	1	8	6	1	7	1	5	8	5	1	1	1
27	2	3	2	3	1	2	1	2	1	666	pùl roku	1	2	1	2	1	1	9	9	5	10	2	7	5	5	5	1	3
29	2	2	10	5	2	3	3	2	2	2	sys_empty	1	1	1	1	1	1	7	3	4	8	7	9	2	6	5	1	1
18	1	1	4	1	1	3	3	1	2	2	sys_empty	1	2	1	2	2	1	10	10	10	10	3	5	6	1	1	1	1
40	1	3	14	4	1	1	2	1	1	666	mìsíc	1	1	1	1	1	1	10	10	10	10	3	3	2	3	666	2	3
34	1	4	1	6	1	2	2	2	2	666	do 3 mìsícù	1	1	1	1	1	1	8	8	9	8	2	3	2	4	666	2	4
38	2	3	2	1	1	1	2	1	1	666	vdy se mi povedlo zamìstnání najít do pár mìsícù,v pøeddùchodovém vìku nevím,záleí na zdravotním stavu a dalších okolnostech	1	1	1	2	1	1	9	9	10	9	5	7	2	6	666	2	3
42	2	4	1	6	1	1	1	2	1	666	rok	1	1	1	2	2	1	5	5	4	4	8	8	7	8	666	2	4
19	2	3	14	2	1	3	3	2	1	2	sys_empty	1	2	1	1	2	1	9	9	9	9	6	8	7	8	1	1	3
23	2	4	5	2	2	3	3	2	1	666	nìkolik tıdnù	1	1	1	2	1	1	9	8	8	9	4	6	3	6	1	1	4
34	2	4	1	6	1	1	2	2	1	666	tìko øíct, ale doufám, e do pùl roka	1	1	1	2	1	1	8	8	8	10	7	7	2	5	666	2	4
29	2	4	8	4	1	3	2	2	2	2	sys_empty	1	1	1	2	1	2	9	9	9	6	2	3	2	3	7	1	4
27	2	3	10	3	1	2	2	1	2	2	sys_empty	1	1	1	2	1	1	10	10	9	10	7	8	7	6	9	1	3
46	2	3	1	6	2	3	3	1	1	666	2 mìsíce	1	1	1	2	1	1	5	5	5	5	3	7	2	3	666	3	3
38	2	4	12	6	1	1	1	2	2	666	doufám, e do pùl roku	1	1	1	2	2	1	2	2	2	1	3	7	5	7	666	2	4
24	1	3	1	6	2	2	2	1	2	666	pár mìsícù	1	1	1	2	2	1	6	6	8	7	4	5	3	2	8	1	3
26	2	3	2	1	2	1	1	1	1	666	Nikdy jsem nemìla problém si najít práci, ale naposledy jsem hledala práci ještì pøed krizí, take si netroufám øíct, jak rychle bych si práci našla.	1	1	1	2	1	1	10	10	9	9	3	4	4	3	5	1	3
33	1	3	6	5	1	2	2	2	1	666	1-2 mìsíce	1	1	1	1	1	1	9	10	9	8	6	6	5	7	666	2	3
19	2	2	4	4	1	2	3	1	2	2	sys_empty	1	1	1	2	2	1	10	9	9	10	5	10	5	10	666	1	1
30	2	4	9	3	1	2	2	2	2	2	sys_empty	1	2	1	2	1	2	3	3	3	2	7	7	7	7	5	2	4
34	2	3	1	6	1	1	1	2	1	666	hned	1	2	1	2	1	1	9	6	6	9	5	6	2	4	666	2	3
42	1	3	4	3	1	1	2	1	1	666	2 mìsíce	1	1	1	2	1	1	8	8	6	7	3	6	7	5	666	2	3
27	2	4	4	3	1	1	1	1	1	666	více ne rok	1	1	1	2	1	1	3	3	3	5	10	9	5	10	2	1	4
26	2	3	13	5	1	3	3	1	1	2	sys_empty	1	1	1	2	1	1	10	10	8	10	2	5	2	5	4	1	3
37	2	3	9	4	1	1	1	1	1	666	6 mìsícù	1	1	1	2	1	1	5	4	3	6	8	8	8	8	5	2	3
48	1	3	2	3	1	3	3	1	1	2	sys_empty	1	2	1	2	1	2	5	5	3	3	8	10	8	8	7	3	3
29	1	3	11	4	1	1	1	2	1	666	2 mìsíce	1	1	1	2	2	2	10	10	4	10	6	8	5	8	666	1	3
38	2	4	13	5	1	1	2	2	2	666	2 mìsíce	1	1	1	2	1	1	6	5	5	7	5	8	8	7	5	2	4
54	2	2	2	1	1	1	2	1	1	666	dost dlouho vzhledem k vìku	1	1	1	2	2	1	10	10	10	10	3	9	3	3	666	3	1
53	2	3	4	4	1	1	1	1	1	666	je to podle štìstí - mìsíce a doba jednoho roku	1	1	1	2	2	1	5	5	5	9	9	9	2	9	5	3	3
28	2	4	4	6	2	1	2	1	1	666	2-3 mìsíce	1	1	1	2	1	1	8	7	2	8	3	7	4	7	666	1	4
40	1	2	6	2	1	1	1	1	1	666	3 roky	1	1	1	2	1	1	5	5	1	5	3	3	3	6	4	2	1
24	2	3	1	6	2	2	2	2	2	2	sys_empty	1	2	1	1	1	2	10	10	9	10	4	8	4	7	1	1	3
28	2	2	6	4	1	1	2	1	1	666	3-6 mìsícù	2	2	2	1	1	1	9	8	8	10	5	6	4	5	666	1	1
60	1	3	1	6	1	3	3	2	1	666	nevím, asi dlouho	2	1	1	2	1	1	7	7	2	10	5	8	5	10	9	 	3
34	2	2	13	5	2	3	3	1	1	2	sys_empty	1	1	1	2	1	1	10	7	1	4	5	10	5	5	666	2	1
47	2	3	5	5	2	1	2	2	1	666	nevím	1	1	1	2	1	1	7	5	5	5	5	8	6	9	666	3	3
40	2	4	8	5	2	2	2	2	2	666	hned	1	1	1	2	2	2	10	7	7	7	4	5	5	6	666	2	4
59	1	2	11	6	1	1	2	1	1	666	myslím si, e bych ve svém oboru ji práci nenašel	1	1	1	2	1	2	3	3	5	7	4	7	7	2	7	3	1
69	1	3	2	1	1	3	3	1	2	2	sys_empty	2	2	1	2	2	2	8	8	9	9	3	6	3	2	3	 	3
27	2	3	1	6	1	2	2	1	1	666	5mesicu	1	1	1	2	1	1	10	10	9	10	5	5	1	2	666	1	3
52	2	4	11	6	1	3	3	1	2	2	sys_empty	1	1	1	1	1	1	7	7	5	7	5	4	2	7	8	3	4
46	1	1	13	3	2	2	1	2	1	666	nevím	1	1	1	1	1	1	7	7	7	7	5	8	5	5	666	3	1
35	1	3	1	6	1	1	1	2	1	666	Snad ne více ne 3-4 mìsíce	1	1	1	2	1	1	7	7	4	5	5	8	8	8	666	2	3
25	1	4	10	3	1	3	3	1	2	2	sys_empty	1	1	1	2	1	2	10	10	10	10	5	10	10	10	4	1	4
33	1	2	10	5	1	2	2	1	1	666	dva a tøi mìsíce	2	2	1	2	2	1	5	6	7	8	10	6	6	9	666	2	1
25	2	4	12	1	1	3	3	2	1	666	6 mìsícù	1	1	1	1	1	1	5	5	5	5	5	5	5	5	1	1	4
53	1	2	2	1	1	2	2	2	2	666	nevím ,nepøemıšlím o tom	2	2	1	2	1	1	6	6	6	6	6	6	5	6	666	3	1
62	1	2	5	5	1	2	2	2	2	2	sys_empty	2	1	1	1	2	2	10	7	9	10	1	4	3	1	666	 	1
19	1	2	11	5	2	1	1	1	1	666	dlouho hodnì dlouho	1	1	1	1	1	1	7	7	5	9	9	9	9	8	4	1	1
36	2	2	2	5	1	3	3	1	1	666	neodhaduji	1	1	1	2	1	2	5	5	5	7	5	8	3	8	4	2	1
24	2	2	2	1	2	2	1	2	2	666	mìsíc	1	1	1	1	2	1	4	4	2	6	9	10	10	10	666	1	1
31	2	3	11	2	1	1	1	1	1	666	Vìøím, e práci najdu co nejdøív, ale obávám se, e tak pùl roku	1	1	1	2	1	1	10	10	7	7	6	7	6	6	5	2	3
18	1	1	7	5	1	3	3	1	1	666	3 mìsíce	1	1	1	1	1	1	1	1	4	3	8	8	8	8	4	1	1
17	2	1	7	5	1	3	3	1	1	2	sys_empty	1	2	1	2	1	2	7	7	6	7	7	7	6	5	1	1	1
33	2	4	1	6	1	1	1	2	1	666	tak do 3 mìsícù	1	1	1	1	1	1	8	8	8	9	7	7	6	8	666	2	4
50	2	4	11	3	1	2	2	1	2	666	pùl roku	1	1	1	2	1	1	6	4	6	6	7	6	7	6	666	3	4
51	1	2	6	5	1	3	3	1	1	666	6 mìsícù...	1	1	1	2	1	1	5	5	5	5	5	7	4	5	8	3	1
18	1	1	2	5	1	3	3	2	1	2	sys_empty	1	1	1	2	1	1	10	10	6	10	4	8	6	3	1	1	1
25	2	4	7	4	1	1	1	1	1	666	tøi mìsíce	1	1	1	2	1	1	8	9	8	9	5	6	5	6	1	1	4
33	1	3	10	5	2	1	2	1	1	666	1 mìsíc	1	1	1	2	2	1	7	5	4	6	4	9	6	2	666	2	3
31	2	4	9	5	2	1	3	2	1	666	pul roku	1	1	1	1	1	1	8	8	8	8	3	4	3	3	5	2	4
27	2	3	2	5	2	3	1	1	1	666	tıden	1	1	1	1	1	1	8	7	6	7	9	10	7	10	666	1	3
20	2	3	6	5	2	1	1	2	1	2	sys_empty	1	1	1	1	1	2	7	7	7	9	4	5	5	5	1	1	3
33	1	2	2	3	1	2	2	2	2	666	dva tıdny	1	1	1	2	1	1	7	6	5	8	4	9	4	10	666	2	1
50	1	2	6	2	1	1	1	1	1	666	1 rok	1	1	1	2	2	1	5	4	4	4	8	9	9	10	4	3	1
26	2	3	11	1	2	3	3	1	1	666	nevím	1	1	1	2	1	1	5	5	4	4	7	9	6	8	5	1	3
19	2	3	14	3	2	3	3	2	1	2	sys_empty	1	2	1	1	1	2	10	8	6	6	5	7	7	4	1	1	3
27	2	3	8	1	1	3	3	1	1	666	moc dlouho ne vzala bych vše co by jen trochu šlo	1	1	1	2	2	1	10	10	5	7	5	9	7	8	5	1	3
52	2	4	12	4	1	1	1	1	1	666	to se nadá odhadnout	1	1	1	2	1	1	3	3	4	4	8	10	8	9	666	3	4
35	2	2	4	3	1	2	2	1	1	666	pul roku	1	1	1	2	1	2	7	5	3	7	3	9	5	3	5	2	1
22	2	4	1	6	2	2	2	2	2	666	Mesic	1	1	1	1	1	1	9	9	9	9	2	4	3	4	1	1	4
34	2	4	1	6	1	2	1	1	1	666	do 2 mìsícù	1	1	1	2	1	1	9	9	6	9	5	7	5	6	666	2	4
54	1	2	11	1	2	2	2	2	2	666	mìsíc	1	1	1	2	2	1	8	8	7	9	4	6	4	6	666	3	1
52	1	3	14	6	1	1	1	1	1	666	nekoneènì dlouho	1	1	1	2	2	1	8	7	8	5	3	7	1	2	666	3	3
52	2	3	1	6	1	3	3	1	1	666	nìkolik let, jestli vùbec	1	1	1	2	1	1	8	5	9	9	3	5	2	3	4	3	3
18	1	1	14	5	2	2	2	2	2	2	sys_empty	1	2	1	2	1	1	9	8	10	8	2	5	3	3	1	1	1
37	1	2	5	3	2	1	1	2	2	666	3 mìsíce	1	1	1	2	2	1	2	5	5	2	5	4	2	3	666	2	1
20	2	3	7	5	1	3	3	1	1	2	sys_empty	1	1	1	2	1	1	6	7	6	10	7	8	7	6	1	1	3
39	1	3	3	1	1	3	3	2	1	666	2roky	1	1	1	2	1	2	3	3	7	3	1	8	4	2	7	2	3
59	2	2	2	3	1	2	1	2	2	666	6 mìsícù	1	1	1	1	1	1	10	10	9	9	1	2	1	1	666	3	1
39	1	2	11	3	1	2	2	2	2	2	sys_empty	1	1	1	2	2	1	5	5	5	4	3	3	3	2	666	2	1
22	1	3	6	2	2	3	2	1	2	666	6 mìsícù	1	1	1	1	2	1	9	8	8	9	1	6	3	7	4	1	3
37	1	4	12	6	1	2	2	2	2	2	sys_empty	1	1	1	1	2	2	7	7	7	8	4	3	2	2	666	2	4
27	1	2	11	1	1	1	2	2	1	666	1den	1	1	1	1	1	1	10	10	10	10	7	7	7	7	666	1	1
33	2	3	2	5	2	2	2	1	1	666	1/2 roku	1	1	1	2	1	1	10	10	8	9	5	7	5	5	666	2	3
46	2	3	2	4	2	1	1	1	1	666	nevím  doba je nejistá	1	1	1	2	2	2	8	8	7	7	2	7	2	4	666	3	3
17	1	1	9	2	1	3	3	2	1	2	sys_empty	2	1	1	1	1	1	7	5	4	7	5	5	5	6	1	1	1
20	1	3	13	4	1	3	3	2	1	2	sys_empty	1	2	1	1	2	2	8	6	4	9	5	8	8	8	1	1	3
30	2	4	1	6	2	1	2	2	1	666	2-3 mìsíce	1	1	1	2	2	1	9	9	9	8	6	8	5	7	666	2	4
46	2	4	13	5	1	1	1	1	1	666	podle nabídek	1	1	1	1	1	1	5	5	5	5	5	5	5	5	666	3	4
27	2	4	2	1	1	2	2	2	2	666	záleí na situaci	1	1	1	2	1	1	10	10	10	9	3	8	3	5	666	1	4
38	1	2	5	5	1	1	3	1	1	666	dlouho	1	1	1	1	2	2	5	5	5	6	3	10	9	9	666	2	1
45	1	2	11	3	1	1	1	1	2	2	sys_empty	1	1	1	2	1	2	9	9	8	8	3	6	3	2	3	3	1
42	1	3	14	2	1	2	2	1	1	666	mìsíc	1	1	1	1	1	2	7	7	8	8	7	6	4	3	4	2	3
41	1	3	9	4	1	2	1	2	1	666	12 mìsícù	1	1	1	2	1	2	8	6	8	7	5	6	5	3	666	2	3
56	1	2	8	5	1	2	3	1	1	666	3 mìsíce	2	1	1	1	2	1	5	4	5	5	3	3	7	6	666	3	1
40	1	2	2	3	1	1	1	2	1	666	6 mìsícù	1	1	2	2	2	1	8	8	8	8	8	9	3	3	666	2	1
25	2	4	14	6	2	1	1	2	1	666	4 mìsíce	2	1	1	2	2	1	7	6	6	9	6	8	5	3	666	1	4
27	2	3	12	6	1	3	3	1	1	666	pùl roku	1	1	1	2	2	1	9	9	3	8	2	10	8	8	5	1	3
36	1	3	14	6	2	1	3	2	1	666	Netuším	1	1	1	2	2	1	10	10	10	10	5	8	2	8	666	2	3
17	2	1	7	5	2	3	3	2	1	2	sys_empty	1	1	1	1	2	2	8	7	7	7	4	7	6	5	1	1	1
23	2	3	1	6	1	2	2	2	1	666	pøiblinì mìsíc	1	1	1	2	1	1	9	9	3	5	4	9	3	6	1	1	3
29	1	2	9	5	1	3	3	1	2	2	sys_empty	1	1	1	1	1	1	10	10	10	10	4	7	4	4	666	1	1
29	1	2	6	4	2	2	1	1	2	666	3 mìsícù	1	1	1	2	1	1	4	4	5	3	5	7	6	6	666	1	1
22	2	3	3	1	2	3	3	1	2	2	sys_empty	1	1	1	2	1	1	9	9	7	8	6	6	6	5	1	1	3
25	2	2	13	4	1	3	3	1	1	666	Poslední dobou jsem nezamìstnaná a nedaøí se mi práci dlouhodobì najít	1	1	1	2	1	1	6	3	3	7	10	10	9	9	4	1	1
43	1	2	14	6	1	1	1	2	1	666	ASI V MÉM VÌKU A 12MÌSICU	1	1	1	1	1	1	4	3	6	5	3	4	3	9	666	2	1
21	1	3	11	1	2	3	3	2	2	2	sys_empty	1	1	1	1	1	1	4	3	3	6	5	7	3	9	1	1	3
45	2	1	6	5	1	2	2	2	1	666	moná tak dva nebo tøi mìsíce	1	1	1	2	1	1	7	7	7	8	5	5	5	8	666	3	1
53	1	4	9	4	1	2	2	2	2	666	2 mìsíce	1	2	1	2	2	2	6	5	5	5	5	5	7	2	666	3	4
19	2	3	6	4	1	3	3	2	1	2	sys_empty	1	1	1	2	2	2	8	8	7	7	6	8	6	7	1	1	3
54	1	3	13	4	1	3	3	1	1	666	moc dlouho, jestli bych jí vùbec sehnal.	1	1	1	1	1	1	9	9	9	9	2	3	1	4	3	3	3
39	1	2	2	4	1	3	3	2	1	666	2 mìsíce	1	1	1	2	2	1	5	5	5	6	6	6	5	7	666	2	1
30	2	2	12	5	1	3	3	1	2	666	netuším	1	1	1	1	1	1	6	6	6	4	6	6	6	6	5	2	1
30	2	3	11	6	1	3	3	1	2	2	sys_empty	1	1	1	2	1	1	10	10	8	9	3	6	4	5	5	2	3
22	2	3	2	2	1	1	1	1	1	666	3-6 mìsícù	1	1	1	1	2	1	5	5	5	6	5	6	6	5	666	1	3
36	1	4	12	5	1	1	1	1	1	666	pùl roku	1	1	1	2	1	1	4	3	5	8	7	7	4	7	666	2	4
27	1	2	6	5	2	1	1	2	1	666	Dva mìsíce urèitì	1	1	1	1	1	1	9	8	9	9	7	7	8	7	666	1	1
37	2	3	10	5	1	3	3	1	1	666	Cca 2 mìsíce	1	1	1	2	1	1	2	2	2	2	2	2	2	2	5	2	3
38	2	3	11	6	1	2	2	1	1	666	tıden	1	1	1	2	1	1	10	5	5	7	10	10	10	10	666	2	3
43	1	2	11	5	1	3	3	2	2	2	sys_empty	1	1	1	1	1	1	5	4	4	5	5	5	4	4	3	2	1
65	1	3	11	6	2	3	3	1	2	2	sys_empty	2	2	2	2	2	2	5	5	6	6	3	7	7	1	3	 	3
57	1	2	2	5	1	3	3	1	1	666	zamìstnání nemám a ani vyhlídky, e by nìjaké v mém vìku bylo	1	2	1	2	1	1	3	3	3	5	7	6	8	8	4	3	1
40	1	3	1	6	2	1	1	1	1	666	6 mìsícù	1	1	1	2	2	1	8	6	7	10	5	3	7	3	666	2	3
50	1	3	14	6	2	1	1	2	1	666	nevim	1	1	1	1	1	1	9	9	6	8	7	9	9	9	666	3	3
39	2	2	5	4	1	1	2	1	1	666	Tyden	1	1	1	2	1	1	10	9	6	8	6	7	4	5	666	2	1
41	2	1	3	3	2	2	2	1	1	666	3 mìsíce	1	1	1	2	1	1	10	10	9	9	5	7	6	6	666	2	1
28	2	3	1	6	2	2	1	1	1	666	Jakoukoliv práci najdu tøeba do 1-2 mìsícù, ale takovou, o kterou bych stála, tak 6-10 mìsícù.	1	1	1	2	1	1	3	3	2	5	5	9	8	8	666	1	3
29	1	2	1	6	1	1	2	2	1	666	1 mìsíc	1	1	1	2	2	1	8	7	7	6	2	8	4	6	666	1	1
18	1	1	11	5	1	3	3	1	1	2	sys_empty	1	1	2	1	1	2	6	5	8	7	4	4	5	3	1	1	1
22	1	3	6	5	2	2	1	2	1	666	6 mìsícù	1	1	1	2	2	1	10	10	2	7	2	9	9	10	666	1	3
51	1	3	11	4	1	1	1	2	1	666	2-3mìsíce	1	1	1	2	2	2	6	6	6	7	4	5	3	5	666	3	3
22	1	3	12	5	2	2	2	1	2	666	otázka mìsícù	1	1	1	2	2	1	7	7	7	8	7	9	6	6	666	1	3
42	1	2	2	1	1	1	2	1	1	2	sys_empty	1	1	1	2	2	2	2	3	2	3	5	8	6	8	666	2	1
24	1	1	9	4	1	2	2	1	2	666	4mìsíce	1	1	1	1	2	1	6	5	5	3	5	6	5	6	666	1	1
22	1	3	6	4	2	2	2	1	1	666	pùl roku	1	1	1	2	1	1	7	6	3	7	4	3	2	6	1	1	3
29	1	2	14	6	1	2	3	2	2	666	1 mìsíc	1	1	1	2	2	1	5	5	4	6	4	6	7	6	7	1	1
23	1	2	9	5	2	2	1	2	1	666	asi mìsíc,a dva mìsíce,doufám,e bych rychle nìco našel	1	1	1	2	2	1	10	9	10	10	1	4	2	3	666	1	1
43	1	3	12	1	2	3	3	2	2	2	sys_empty	1	1	1	2	1	1	9	9	8	9	4	4	4	4	666	2	3
50	1	3	14	1	1	1	1	2	1	666	2 - 3 mìsíce	1	1	1	2	2	1	10	10	10	9	8	10	10	10	666	3	3
49	1	3	3	4	2	1	2	1	2	666	nevím	1	1	1	2	2	1	8	8	6	9	3	10	8	9	666	3	3
37	1	3	6	3	1	1	1	2	1	666	mìsíc	1	1	1	2	2	2	8	7	6	5	7	8	7	8	666	2	3
26	1	3	14	5	1	1	3	1	2	2	sys_empty	1	1	1	1	2	1	10	9	9	8	4	7	6	3	666	1	3
47	2	3	1	6	1	3	3	1	1	666	nyní jsem bez práce	1	1	1	2	1	1	5	5	6	6	7	8	3	5	4	3	3
36	2	3	5	5	1	1	2	1	1	666	mìsíc	1	1	1	2	1	1	10	10	8	8	4	7	4	5	5	2	3
30	1	3	6	5	1	2	1	2	1	666	pùl roku	1	1	1	2	2	2	8	6	5	7	5	7	4	7	666	2	3
23	2	3	1	6	2	2	1	1	1	666	do 3 mìsícú	1	1	1	2	1	1	5	3	7	2	7	3	9	6	1	1	3
33	2	3	1	6	1	1	1	1	1	666	1 rok i déle	1	2	1	2	1	1	1	1	3	2	10	10	10	10	666	2	3
33	2	3	1	6	1	1	2	1	2	666	3 mìsíce	1	1	1	2	2	1	10	10	8	8	5	7	5	5	5	2	3
41	1	2	14	4	1	2	2	2	2	2	sys_empty	1	1	1	2	2	1	10	10	8	8	3	5	3	4	666	2	1
38	1	2	7	3	1	1	1	1	1	666	1 rok	1	1	1	2	2	2	10	9	8	8	9	9	10	10	666	2	1
31	1	2	7	3	2	2	2	1	1	666	nevím dlouho u jsem nehledal	1	1	1	2	2	2	5	6	4	8	9	10	4	9	666	2	1
45	1	2	9	3	1	1	3	2	1	666	chvilku	1	1	1	1	2	2	10	10	9	10	9	10	10	10	666	3	1
58	1	3	1	6	1	1	2	2	1	666	Vzhledem k vìku dlouho, délku nedokáu odhadnout.	1	1	1	2	2	1	10	10	10	10	3	3	3	3	666	3	3
51	1	4	7	1	1	1	1	1	1	666	nìkolik let	1	1	1	2	1	1	5	5	5	9	2	4	8	2	666	3	4
29	2	3	7	3	2	1	1	1	1	666	v dnesni dome cca 6-12 mesicu	1	1	1	1	2	2	5	5	5	5	5	5	5	5	5	1	3
50	1	3	2	5	1	3	3	1	1	666	nevím	1	1	1	2	2	2	9	6	9	9	4	8	4	2	8	3	3
20	1	3	6	4	1	3	3	2	2	666	Myslím tak do dvou mìsícù.	1	1	1	1	1	1	10	10	10	10	4	4	4	4	1	1	3
52	1	3	2	2	1	1	3	2	2	2	sys_empty	1	1	1	2	1	1	8	8	7	9	8	8	7	8	666	3	3
15	2	1	4	6	2	3	3	2	2	2	sys_empty	1	1	1	1	2	1	10	5	7	8	4	3	4	2	1	1	1
24	2	4	9	5	1	2	2	2	1	666	nìkolik mìsícù	1	1	1	1	2	1	9	9	7	8	4	6	2	5	1	1	4
29	2	1	2	3	2	2	2	1	2	666	mesic	1	1	1	2	1	1	6	6	6	4	5	5	4	4	5	1	1
34	2	3	11	2	1	1	1	1	1	666	NEMÁM PONÌTÍ, DOBROU PRÁCI DÉLE, ZÁLEÍ NA ŠTÌSTÍ	1	1	1	1	1	1	8	8	8	8	4	4	4	4	666	2	3
35	2	2	9	4	1	1	1	2	1	666	pùl roku	1	1	1	2	2	2	8	7	8	8	6	8	6	6	666	2	1
18	2	3	2	4	2	3	3	2	1	2	sys_empty	1	1	1	1	1	1	8	8	8	9	6	7	7	7	1	1	3
18	2	1	14	6	2	1	1	1	2	666	2 mìsíce	1	1	1	1	2	1	10	8	7	10	7	7	9	8	1	1	1
21	2	1	2	4	2	3	3	2	1	2	sys_empty	1	1	1	2	1	1	10	6	3	9	7	10	7	10	1	1	1
25	2	1	14	6	1	2	1	1	1	666	nevím	1	1	1	2	2	1	5	3	3	2	3	2	5	5	4	1	1
18	2	1	14	4	1	3	3	2	1	2	sys_empty	1	1	1	1	2	2	8	8	4	8	5	4	5	6	1	1	1
41	1	2	7	5	2	1	2	1	1	666	2 mìsíce	1	1	1	2	2	1	8	8	8	9	2	7	4	7	666	2	1
18	2	1	14	6	1	1	1	1	1	666	Dlouho	1	1	1	2	1	1	10	8	8	10	8	8	8	8	1	1	1
19	2	2	3	4	1	3	3	2	1	666	nevim	2	1	1	1	1	1	9	6	6	10	10	8	3	10	4	1	1
27	2	3	14	5	1	1	1	1	1	666	no momentální situace v mém kraji není zrovna naklonìna tomu rychle si najít práci	1	1	1	2	1	1	5	5	5	5	7	7	4	5	666	1	3
19	2	3	8	4	2	1	1	2	1	666	3 mìsíce	1	1	1	1	2	1	9	9	7	6	3	6	4	4	1	1	3
36	2	2	11	1	2	1	1	1	1	666	Nemám zdání v našem regionu je bohoel málo pracovních míst.	1	1	1	2	2	1	7	6	1	7	7	10	7	9	5	2	1
36	2	2	8	3	2	1	1	2	1	666	celí rok	1	1	1	2	2	1	3	10	2	5	8	7	10	6	9	2	1
26	2	1	11	3	2	3	3	1	2	666	moc dlouho ne mam heslo kdo chce tak si praci vzdycky najde	1	1	1	2	2	1	6	3	5	8	4	6	5	7	5	1	1
29	2	1	14	5	2	3	3	1	1	666	1 mìsíc	2	1	1	2	1	1	5	3	3	8	7	8	6	9	5	1	1
19	2	1	1	6	1	1	1	1	2	666	2mìsíce	1	1	1	2	2	2	10	9	8	9	6	7	7	6	1	1	1
19	2	3	14	3	1	3	3	1	1	2	sys_empty	1	1	1	1	2	1	6	5	3	6	6	8	7	9	1	1	3
19	2	1	8	5	1	2	2	1	1	666	7mìsícu	1	1	1	2	1	1	10	10	10	10	3	5	2	5	1	1	1
19	1	3	3	5	2	3	3	2	2	2	sys_empty	1	2	1	1	1	1	8	8	6	8	3	7	2	4	1	1	3
33	2	1	4	3	1	3	3	1	1	666	mìsíc a dva	1	1	1	2	1	1	8	7	8	5	7	7	8	1	5	2	1
